id;description
"1";"une cl� dor�e"